(-10,-9):-80.0000,-70.0000
(-10,-8):-80.0000,-60.0000
(-10,-7):-80.0000,-50.0000
(-10,-6):-80.0000,-40.0000
(-10,-5):-80.0000,-30.0000
(-10,-4):-80.0000,-20.0000
(-10,-3):-80.0000,-10.0000
(-10,-2):-80.0000,0.0000
(-10,-1):-80.0000,10.0000
(-10,0):-80.0000,20.0000
(-10,1):-80.0000,30.0000
(-10,2):-80.0000,40.0000
(-10,3):-80.0000,50.0000
(-10,4):-80.0000,60.0000
(-9,-10):-70.0000,-80.0000
(-9,-9):-70.0000,-70.0000
(-9,-8):-70.0000,-60.0000
(-9,-7):-70.0000,-50.0000
(-9,-6):-70.0000,-40.0000
(-9,-5):-70.0000,-30.0000
(-9,-4):-70.0000,-20.0000
(-9,-3):-70.0000,-10.0000
(-9,-2):-70.0000,0.0000
(-9,-1):-70.0000,10.0000
(-9,0):-70.0000,20.0000
(-9,1):-70.0000,30.0000
(-9,2):-70.0000,40.0000
(-9,3):-70.0000,50.0000
(-9,4):-70.0000,60.0000
(-9,5):-70.0000,70.0000
(-8,-10):-60.0000,-80.0000
(-8,-9):-60.0000,-70.0000
(-8,-8):-60.0000,-60.0000
(-8,-7):-60.0000,-50.0000
(-8,-6):-60.0000,-40.0000
(-8,-5):-60.0000,-30.0000
(-8,-4):-60.0000,-20.0000
(-8,-3):-60.0000,-10.0000
(-8,-2):-60.0000,0.0000
(-8,-1):-60.0000,10.0000
(-8,0):-60.0000,20.0000
(-8,1):-60.0000,30.0000
(-8,2):-60.0000,40.0000
(-8,3):-60.0000,50.0000
(-8,4):-60.0000,60.0000
(-8,5):-60.0000,70.0000
(-7,-10):-50.0000,-80.0000
(-7,-9):-50.0000,-70.0000
(-7,-8):-50.0000,-60.0000
(-7,-7):-50.0000,-50.0000
(-7,-6):-50.0000,-40.0000
(-7,-5):-50.0000,-30.0000
(-7,-4):-50.0000,-20.0000
(-7,-3):-50.0000,-10.0000
(-7,-2):-50.0000,0.0000
(-7,-1):-50.0000,10.0000
(-7,0):-50.0000,20.0000
(-7,1):-50.0000,30.0000
(-7,2):-50.0000,40.0000
(-7,3):-50.0000,50.0000
(-7,4):-50.0000,60.0000
(-7,5):-50.0000,70.0000
(-7,6):-50.0000,80.0000
(-6,-10):-40.0000,-80.0000
(-6,-9):-40.0000,-70.0000
(-6,-8):-40.0000,-60.0000
(-6,-7):-40.0000,-50.0000
(-6,-6):-40.0000,-40.0000
(-6,-5):-40.0000,-30.0000
(-6,-4):-40.0000,-20.0000
(-6,-3):-40.0000,-10.0000
(-6,-2):-40.0000,0.0000
(-6,-1):-40.0000,10.0000
(-6,0):-40.0000,20.0000
(-6,1):-40.0000,30.0000
(-6,2):-40.0000,40.0000
(-6,3):-40.0000,50.0000
(-6,4):-40.0000,60.0000
(-6,5):-40.0000,70.0000
(-6,6):-40.0000,80.0000
(-5,-10):-30.0000,-80.0000
(-5,-9):-30.0000,-70.0000
(-5,-8):-30.0000,-60.0000
(-5,-7):-30.0000,-50.0000
(-5,-6):-30.0000,-40.0000
(-5,-5):-30.0000,-30.0000
(-5,-4):-30.0000,-20.0000
(-5,-3):-30.0000,-10.0000
(-5,-2):-30.0000,0.0000
(-5,-1):-30.0000,10.0000
(-5,0):-30.0000,20.0000
(-5,1):-30.0000,30.0000
(-5,2):-30.0000,40.0000
(-5,3):-30.0000,50.0000
(-5,4):-30.0000,60.0000
(-5,5):-30.0000,70.0000
(-5,6):-30.0000,80.0000
(-5,7):-30.0000,90.0000
(-4,-10):-20.0000,-80.0000
(-4,-9):-20.0000,-70.0000
(-4,-8):-20.0000,-60.0000
(-4,-7):-20.0000,-50.0000
(-4,-6):-20.0000,-40.0000
(-4,-5):-20.0000,-30.0000
(-4,-4):-20.0000,-20.0000
(-4,-3):-20.0000,-10.0000
(-4,-2):-20.0000,0.0000
(-4,-1):-20.0000,10.0000
(-4,0):-20.0000,20.0000
(-4,1):-20.0000,30.0000
(-4,2):-20.0000,40.0000
(-4,3):-20.0000,50.0000
(-4,4):-20.0000,60.0000
(-4,5):-20.0000,70.0000
(-4,6):-20.0000,80.0000
(-4,7):-20.0000,90.0000
(-3,-10):-10.0000,-80.0000
(-3,-9):-10.0000,-70.0000
(-3,-8):-10.0000,-60.0000
(-3,-7):-10.0000,-50.0000
(-3,-6):-10.0000,-40.0000
(-3,-5):-10.0000,-30.0000
(-3,-4):-10.0000,-20.0000
(-3,-3):-10.0000,-10.0000
(-3,-2):-10.0000,0.0000
(-3,-1):-10.0000,10.0000
(-3,0):-10.0000,20.0000
(-3,1):-10.0000,30.0000
(-3,2):-10.0000,40.0000
(-3,3):-10.0000,50.0000
(-3,4):-10.0000,60.0000
(-3,5):-10.0000,70.0000
(-3,6):-10.0000,80.0000
(-3,7):-10.0000,90.0000
(-2,-10):0.0000,-80.0000
(-2,-9):0.0000,-70.0000
(-2,-8):0.0000,-60.0000
(-2,-7):0.0000,-50.0000
(-2,-6):0.0000,-40.0000
(-2,-5):0.0000,-30.0000
(-2,-4):0.0000,-20.0000
(-2,-3):0.0000,-10.0000
(-2,-2):0.0000,0.0000
(-2,-1):0.0000,10.0000
(-2,0):0.0000,20.0000
(-2,1):0.0000,30.0000
(-2,2):0.0000,40.0000
(-2,3):0.0000,50.0000
(-2,4):0.0000,60.0000
(-2,5):0.0000,70.0000
(-2,6):0.0000,80.0000
(-2,7):0.0000,90.0000
(-1,-10):10.0000,-80.0000
(-1,-9):10.0000,-70.0000
(-1,-8):10.0000,-60.0000
(-1,-7):10.0000,-50.0000
(-1,-6):10.0000,-40.0000
(-1,-5):10.0000,-30.0000
(-1,-4):10.0000,-20.0000
(-1,-3):10.0000,-10.0000
(-1,-2):10.0000,0.0000
(-1,-1):10.0000,10.0000
(-1,0):10.0000,20.0000
(-1,1):10.0000,30.0000
(-1,2):10.0000,40.0000
(-1,3):10.0000,50.0000
(-1,4):10.0000,60.0000
(-1,5):10.0000,70.0000
(-1,6):10.0000,80.0000
(-1,7):10.0000,90.0000
(0,-10):20.0000,-80.0000
(0,-9):20.0000,-70.0000
(0,-8):20.0000,-60.0000
(0,-7):20.0000,-50.0000
(0,-6):20.0000,-40.0000
(0,-5):20.0000,-30.0000
(0,-4):20.0000,-20.0000
(0,-3):20.0000,-10.0000
(0,-2):20.0000,0.0000
(0,-1):20.0000,10.0000
(0,0):20.0000,20.0000
(0,1):20.0000,30.0000
(0,2):20.0000,40.0000
(0,3):20.0000,50.0000
(0,4):20.0000,60.0000
(0,5):20.0000,70.0000
(0,6):20.0000,80.0000
(0,7):20.0000,90.0000
(1,-10):30.0000,-80.0000
(1,-9):30.0000,-70.0000
(1,-8):30.0000,-60.0000
(1,-7):30.0000,-50.0000
(1,-6):30.0000,-40.0000
(1,-5):30.0000,-30.0000
(1,-4):30.0000,-20.0000
(1,-3):30.0000,-10.0000
(1,-2):30.0000,0.0000
(1,-1):30.0000,10.0000
(1,0):30.0000,20.0000
(1,1):30.0000,30.0000
(1,2):30.0000,40.0000
(1,3):30.0000,50.0000
(1,4):30.0000,60.0000
(1,5):30.0000,70.0000
(1,6):30.0000,80.0000
(2,-10):40.0000,-80.0000
(2,-9):40.0000,-70.0000
(2,-8):40.0000,-60.0000
(2,-7):40.0000,-50.0000
(2,-6):40.0000,-40.0000
(2,-5):40.0000,-30.0000
(2,-4):40.0000,-20.0000
(2,-3):40.0000,-10.0000
(2,-2):40.0000,0.0000
(2,-1):40.0000,10.0000
(2,0):40.0000,20.0000
(2,1):40.0000,30.0000
(2,2):40.0000,40.0000
(2,3):40.0000,50.0000
(2,4):40.0000,60.0000
(2,5):40.0000,70.0000
(2,6):40.0000,80.0000
(3,-10):50.0000,-80.0000
(3,-9):50.0000,-70.0000
(3,-8):50.0000,-60.0000
(3,-7):50.0000,-50.0000
(3,-6):50.0000,-40.0000
(3,-5):50.0000,-30.0000
(3,-4):50.0000,-20.0000
(3,-3):50.0000,-10.0000
(3,-2):50.0000,0.0000
(3,-1):50.0000,10.0000
(3,0):50.0000,20.0000
(3,1):50.0000,30.0000
(3,2):50.0000,40.0000
(3,3):50.0000,50.0000
(3,4):50.0000,60.0000
(3,5):50.0000,70.0000
(4,-10):60.0000,-80.0000
(4,-9):60.0000,-70.0000
(4,-8):60.0000,-60.0000
(4,-7):60.0000,-50.0000
(4,-6):60.0000,-40.0000
(4,-5):60.0000,-30.0000
(4,-4):60.0000,-20.0000
(4,-3):60.0000,-10.0000
(4,-2):60.0000,0.0000
(4,-1):60.0000,10.0000
(4,0):60.0000,20.0000
(4,1):60.0000,30.0000
(4,2):60.0000,40.0000
(4,3):60.0000,50.0000
(4,4):60.0000,60.0000
(4,5):60.0000,70.0000
(5,-9):70.0000,-70.0000
(5,-8):70.0000,-60.0000
(5,-7):70.0000,-50.0000
(5,-6):70.0000,-40.0000
(5,-5):70.0000,-30.0000
(5,-4):70.0000,-20.0000
(5,-3):70.0000,-10.0000
(5,-2):70.0000,0.0000
(5,-1):70.0000,10.0000
(5,0):70.0000,20.0000
(5,1):70.0000,30.0000
(5,2):70.0000,40.0000
(5,3):70.0000,50.0000
(5,4):70.0000,60.0000
(6,-7):80.0000,-50.0000
(6,-6):80.0000,-40.0000
(6,-5):80.0000,-30.0000
(6,-4):80.0000,-20.0000
(6,-3):80.0000,-10.0000
(6,-2):80.0000,0.0000
(6,-1):80.0000,10.0000
(6,0):80.0000,20.0000
(6,1):80.0000,30.0000
(6,2):80.0000,40.0000
(7,-5):90.0000,-30.0000
(7,-4):90.0000,-20.0000
(7,-3):90.0000,-10.0000
(7,-2):90.0000,0.0000
(7,-1):90.0000,10.0000
(7,0):90.0000,20.0000