(-5,-1):-139.0000,-102.0000
(-5,0):-139.0000,-32.0000
(-5,1):-139.0000,38.0000
(-4,-1):-115.0000,-102.0000
(-4,0):-115.0000,-32.0000
(-4,1):-115.0000,38.0000
(-3,-1):-91.0000,-102.0000
(-3,0):-91.0000,-32.0000
(-3,1):-91.0000,38.0000
(-2,-2):-67.0000,-172.0000
(-2,-1):-67.0000,-102.0000
(-2,0):-67.0000,-32.0000
(-2,1):-67.0000,38.0000
(-1,-2):-43.0000,-172.0000
(-1,-1):-43.0000,-102.0000
(-1,0):-43.0000,-32.0000
(-1,1):-43.0000,38.0000
(-1,2):-43.0000,108.0000
(0,-2):-19.0000,-172.0000
(0,-1):-19.0000,-102.0000
(0,0):-19.0000,-32.0000
(0,1):-19.0000,38.0000
(0,2):-19.0000,108.0000
(1,-2):5.0000,-172.0000
(1,-1):5.0000,-102.0000
(1,0):5.0000,-32.0000
(1,1):5.0000,38.0000
(1,2):5.0000,108.0000
(2,-2):29.0000,-172.0000
(2,-1):29.0000,-102.0000
(2,0):29.0000,-32.0000
(2,1):29.0000,38.0000
(2,2):29.0000,108.0000
(3,-1):53.0000,-102.0000
(3,0):53.0000,-32.0000
(3,1):53.0000,38.0000
(4,-1):77.0000,-102.0000
(4,0):77.0000,-32.0000
(4,1):77.0000,38.0000
(5,-1):101.0000,-102.0000
(5,0):101.0000,-32.0000
(5,1):101.0000,38.0000
(6,0):125.0000,-32.0000